0.063544
0.050972
0.180832
0.143123
0.137723
0.167873
0.123031
0.275579
0.085800
0.082465
0.408285
0.477237
0.128224
0.359810
0.203912
0.144314
0.482189
0.235359
0.123488
0.085352
0.119262
0.379855
0.052530
0.087129
0.159108
0.051728
0.061879
0.098357
0.076336
0.073746
0.376738
0.278781
0.222494
0.086887
0.053513
0.193249
0.051113
0.144950
0.150723
0.111126
0.110663
0.196497
0.134671
0.320025
0.117362
0.394423
0.059849
0.115972
0.127843
0.054584
0.424268
0.466176
0.211087
0.103011
0.195875
0.103109
0.424006
0.149521
0.158224
0.165569
0.381562
0.106386
0.053246
0.189509
0.195414
0.449118
0.075359
0.054922
0.052436
0.249536
0.062242
0.146226
0.483723
0.051265
0.456771
0.109140
0.126843
0.074389
0.078637
0.059893
0.053447
0.115151
0.085339
0.253358
0.286171
0.058540
0.107388
0.351167
0.105577
0.322557
0.060724
0.088619
0.150126
0.066022
0.240437
0.073244
0.200973
0.051258
0.337265
0.134688
0.056230
0.086859
0.078762
0.374610
0.097868
0.437279
0.098588
0.261532
0.099340
0.105161
0.128141
0.119997
0.124335
0.118448
0.074938
0.061504
0.093167
0.085499
0.058460
0.128761
0.403150
0.501509
0.497995
0.465279
0.678488
0.143243
0.190064
0.050749
0.410857
0.248713
0.219141
0.111365
0.092028
0.085098
0.409388
0.109028
0.373403
0.355993
0.095089
0.153705
0.055720
0.052290
0.843458
0.484716
0.675846
0.129960
0.059185
0.178295
0.059221
0.080230
0.312578
0.069205
0.831045
0.063793
0.136290
0.075606
0.404658
0.147561
0.168197
0.055920
0.087545
0.322550
0.059242
0.172294
0.206695
0.052309
0.173540
0.318899
0.357522
0.160040
0.080723
0.100579
0.177697
0.125659
0.449813
0.449325
0.114739
0.106594
0.080816
0.054436
0.191583
0.180443
0.238123
0.050957
0.154955
0.057994
0.137068
0.068478
0.068136
0.401426
0.079714
0.081754
0.407995
0.283644
0.239011
0.064823
0.073540
0.460855
0.092122
0.052800
0.321327
0.098440
0.236273
0.086921
0.061062
0.185873
0.177543
0.218230
0.267416
0.057547
0.153026
0.082296
0.383969
0.171541
0.279503
0.374028
0.298478
0.170955
0.104060
0.393883
0.077753
0.073901
0.232788
0.069401
0.063536
0.105178
0.177989
0.142102
0.062336
0.055631
0.156874
0.146844
0.059439
0.132321
0.422191
0.481748
0.106873
0.220936
0.058522
0.058757
0.144132
0.308711
0.137393
0.060810
0.166413
0.071393
0.095780
0.242830
0.216628
0.090580
0.093973
0.094434
0.483530
0.065808
0.272175
0.059292
0.210669
0.194474
0.247482
0.247319
0.081158
0.246489
0.093907
0.211728
0.099083
0.082101
0.180621
0.346323
0.463327
0.170555
0.160496
0.165708
0.127925
0.060936
0.148195
0.059431
0.052362
0.142611
0.827938
0.165884
0.186544
0.494622
0.429860
0.054826
0.109169
0.178848
0.107366
0.091569
0.051960
0.296483
0.055144
0.106442
0.052216
0.120545
0.126601
0.062202
0.061544
0.150048
0.066859
0.461235
0.087787
0.053182
0.090688
0.206432
0.116034
0.139965
0.290618
0.084686
0.090640
0.144839
0.105790
0.241575
0.090424
0.057494
0.241594
0.078671
0.087106
0.124965
0.061596
0.193982
0.165109
0.235779
0.120735
0.160337
0.481231
0.052337
0.060756
0.486709
0.497147
0.141095
0.236801
0.077329
0.209603
0.217794
0.107844
0.050453
0.465068
0.275955
0.773255
0.114907
0.159539
0.065154
0.269926
0.247834
0.161271
0.179124
0.424100
0.372570
0.372551
0.086379
0.061828
0.052475
0.156752
0.438085
0.254373
0.097391
0.167089
0.066248
0.304753
0.399762
0.120532
0.051188
0.126724
0.236799
0.111257
0.361693
0.068306
0.074972
0.282598
0.195915
0.086869
0.091488
0.209676
0.332663
0.086535
0.076780
0.112978
0.055042
0.184509
0.479716
0.311710
0.405638
0.062328
0.376906
0.325968
0.455657
0.463794
0.237125
0.366989
0.084908
0.324908
0.075930
0.068509
0.310327
0.161558
0.178685
0.051691
0.260318
0.151554
0.159540
0.163460
0.452769
0.281198
0.114933
0.085576
0.359816
0.253227
0.188418
0.258743
0.147884
0.164445
0.278035
0.054535
0.474735
0.064235
0.282501
0.148522
0.475053
0.054409
0.072274
0.059111
0.054380
0.116912
0.120549
0.118632
0.141054
0.484912
0.053300
0.062750
0.457409
0.446648
0.357739
0.059641
0.473776
0.142061
0.124771
0.212224
0.171849
0.881913
0.112968
0.065138
0.387839
0.457041
0.488068
0.066661
0.067544
0.418001
0.051717
0.150263
0.083279
0.066602
0.212940
0.105449
0.199115
0.051922
0.233315
0.234506
0.063282
0.389782
0.483177
0.141231
0.195517
0.074515
0.431085
0.345950
0.484796
0.243898
0.286305
0.397247
0.067775
0.106918
0.222091
0.217830
0.482371
0.173067
0.173404
0.107831
0.168196
0.211292
0.162305
0.110681
0.377696
0.104947
0.131889
0.283381
0.077517
0.208738
0.671824
0.431193
0.448341
0.457281
0.061421
0.152699
0.055638
0.474999
0.181309
0.413912
0.144329
0.139247
0.084996
0.496578
0.118336
0.110113
0.106756
0.102369
0.465825
0.093918
0.201898
0.120759
0.077767
0.172576
0.058322
0.069271
0.329844
0.260144
0.271714
0.059325
0.443848
0.127033
0.164862
0.051131
0.084436
0.262816
0.349804
0.244025
0.472373
0.498362
0.149849
0.069706
0.128989
0.394977
0.214031
0.077321
0.494711
0.493502
0.175041
0.175086
0.096998
0.447683
0.374604
0.072925
0.161648
0.050554
0.322617
0.107404
0.091877
0.092639
0.111555
0.058130
0.077865
0.117804
0.067978
0.271020
0.056472
0.155075
0.203564
0.450632
0.377680
0.377337
0.376938
0.106778
0.268855
0.058547
0.303905
0.158292
0.240146
0.060748
0.117841
0.092218
0.429490
0.167873
0.064545
0.446901
0.341200
0.186985
0.427815
0.194847
0.170085
0.141892
0.471691
0.064721
0.072789
0.066201
0.340230
0.060202
0.206464
0.448203
0.187881
0.273319
0.285828
0.241807
0.122533
0.431367
0.210393
0.481643
0.081486
0.238039
0.183111
0.092589
0.087961
0.091720
0.453521
0.077596
0.135542
0.243020
0.390033
0.160426
0.063035
0.466859
0.168646
0.072328
0.087490
0.086161
0.079675
0.210402
0.061353
0.055334
0.172833
0.054516
0.055258
0.066546
0.233855
0.249926
0.131109
0.158359
0.052175
0.150183
0.115398
0.120065
0.185540
0.452190
0.091511
0.117595
0.064739
0.469618
0.381421
0.084014
0.065029
0.177406
0.199337
0.063139
0.082544
0.164355
0.062150
0.155318
0.050971
0.173239
0.054783
0.121577
0.083747
0.166169
0.081463
0.066093
0.198815
0.100418
0.142904
0.060184
0.177220
0.180064
0.426618
0.176425
0.167549
0.168319
0.171906
0.093148
0.135613
0.090626
0.130036
0.104330
0.082998
0.138575
0.132352
0.165304
0.457763
0.200432
0.496578
0.701985
0.193523
0.246582
0.316744
0.072959
0.102332
0.398583
0.060956
0.067368
0.071617
0.297539
0.291730
0.134916
0.173470
0.115703
0.056379
0.415078
0.167707
0.461824
0.179159
0.106344
0.076499
0.095278
0.393159
0.444034
0.151246
0.081025
0.120543
0.120948
0.053373
0.079119
0.057502
0.051564
0.106424
0.110563
0.083811
0.314241
0.330889
0.220038
0.455732
0.277378
0.089235
0.189415
0.116578
0.371905
0.482143
0.184448
0.230484
0.170006
0.052732
0.052323
0.158268
0.354755
0.360416
0.295269
0.100783
0.073030
0.321116
0.249564
0.127724
0.491287
0.057467
0.413924
0.079880
0.140103
0.142629
0.297934
0.103031
0.162217
0.353186
0.612956
0.122625
0.218824
0.076402
0.368736
0.141038
0.327675
0.252933
0.200408
0.110601
0.073554
0.400767
0.054639
0.192012
0.090610
0.348524
0.094920
0.166262
0.129331
0.317819
0.074064
0.327691
0.190273
0.350810
0.402210
0.168128
0.274030
0.058574
0.084799
0.065589
0.081076
0.097094
0.074292
0.219729
0.067355
0.174199
0.064474
0.307759
0.140390
0.176955
0.172901
0.073311
0.150392
0.148995
0.111823
0.077059
0.181002
0.122387
0.123199
0.211778
0.127578
0.387930
0.050879
0.181974
0.090232
0.089160
0.221236
0.357187
0.278343
0.053707
0.060602
0.137573
0.085985
0.213426
0.151069
0.226488
0.108858
0.051205
0.153208
0.079948
0.093889
0.098134
0.065677
0.197642
0.286763
0.057315
0.111627
0.195937
0.052042
0.153261
0.183686
0.156968
0.077317
0.070394
0.061897
0.297358
0.303788
0.473603
0.053726
0.252054
0.133492
0.097436
0.131447
0.117882
0.082014
0.081309
0.067821
0.286258
0.281046
0.248593
0.489886
0.353197
0.275213
0.101914
0.164375
0.105652
0.469720
0.199980
0.081501
0.290409
0.435951
0.148477
0.133939
0.328870
0.058609
0.118599
0.259944
0.265447
0.120461
0.123666
0.247532
0.139300
0.053321
0.143516
0.086558
0.271534
0.069041
0.221258
0.317697
0.460154
0.121093
0.055886
0.138303
0.362621
0.064909
0.051879
0.398452
0.061765
0.436308
0.098657
0.394827
0.081562
0.119014
0.126828
0.095862
0.423443
0.334102
0.338472
0.090097
0.091039
0.499781
0.283787
0.212726
0.137168
0.476363
0.177542
0.093984
0.166874
0.433866
0.269174
0.105408
0.150227
0.105263
0.086416
0.111133
0.184444
0.125379
0.053982
0.064894
0.264607
0.088939
0.180605
0.191897
0.057909
0.205969
0.350064
0.051816
0.084525
0.105548
0.097136
0.276693
0.322360
0.322865
0.443363
0.178010
0.072714
0.133793
0.264798
0.055568
0.056857
0.179300
0.113341
0.062321
0.054350
0.181320
0.057700
0.433626
0.466555
0.112902
0.852595
0.065450
0.086874
0.396755
0.298431
0.219417
0.434365
0.080923
0.054950
0.220722
0.113091
0.059244
0.095135
0.234237
0.053395
0.425535
0.107344
0.052632
0.404349
0.090708
0.355521
0.314147
0.097783
0.221775
0.053355
0.446191
0.353158
0.082629
0.152691
0.469625
0.167396
0.299645
0.110853
0.074464
0.193261
0.257187
0.283521
0.276764
0.096426
0.067361
0.175668
0.070836
0.165999
0.271350
0.183769
0.050671
0.387376
0.105450
0.177981
0.051022
0.327575
0.144091
0.165900
0.205093
0.078655
0.076123
0.071881
0.137622
0.214986
0.400163
0.110519
0.223818
0.184124
0.098150
0.063963
0.092907
0.276792
0.101135
0.077397
0.087419
0.148604
0.419084
0.385930
0.238815
0.140318
0.238658
0.138853
0.407723
0.096338
0.351149
0.092833
0.062575
0.088503
0.237734
0.417225
0.193222
0.330783
0.322141
0.066632
0.071371
0.424650
0.316171
0.136398
0.180606
0.481071
0.098119
0.059852
0.102381
0.086423
0.093826
0.305792
0.062950
0.449883
0.299187
0.177987
0.452509
0.497498
0.206973
0.497497
0.222165
0.061795
0.233922
0.194720
0.130955
0.423179
0.079412
0.497973
0.220178
0.252933
0.281999
0.106899
0.086984
0.215181
0.279716
0.481915
0.066759
0.091857
0.148916
0.287569
0.086436
0.192359
0.461580
0.230314
0.260487
0.057758
0.141188
0.366982
0.274935
0.088517
0.080064
0.163821
0.405049
0.161288
0.109193
0.360205
0.228049
0.061898
0.062403
0.139179
0.142608
0.137792
0.221528
0.222722
0.074130
0.054070
0.111702
0.063565
0.191051
0.354707
0.088454
0.153823
0.415739
0.105052
0.285067
0.064030
0.062965
0.077991
0.056486
0.069245
0.117952
0.055631
0.314324
0.338028
0.221339
0.098086
0.281136
0.780967
0.444505
0.244472
0.145665
0.316114
0.151263
0.194992
0.192423
0.821178
0.056830
0.064279
0.066907
0.154276
0.062316
0.230830
0.223354
0.508004
0.915460
0.204332
0.063937
0.376521
0.399502
0.059611
0.481295
0.085416
0.067680
0.064524
0.053875
0.232927
0.144473
0.363907
0.371438
0.210345
0.437694
0.430019
0.056202
0.482479
0.450984
0.375021
0.239340
0.330505
0.421644
0.235222
0.100544
0.250655
0.171712
0.370548
0.164609
0.195739
0.253825
0.055921
0.202694
0.459076
0.065062
0.128624
0.130614
0.388130
0.056600
0.146190
0.073549
0.075919
0.378560
0.246684
0.125482
0.074017
0.058022
0.448395
0.405317
0.069192
0.155538
0.069176
0.121206
0.314710
0.071947
0.090318
0.058045
0.052708
0.220272
0.162831
0.109155
0.081908
0.165698
0.075752
0.214007
0.262223
0.069265
0.723418
0.269640
0.131055
0.053205
0.349054
0.125397
0.364567
0.239789
0.073934
0.118253
0.055048
0.436848
0.414782
0.202310
0.159308
0.153413
0.286331
0.419563
0.398714
0.119064
0.117669
0.406867
0.480391
0.413671
0.062457
0.134930
0.053673
0.103493
0.090126
0.074317
0.300341
0.121797
0.238584
0.169590
0.148004
0.054601
0.178561
0.214660
0.141826
0.115825
0.068366
0.203124
0.074304
0.067607
0.068005
0.328268
0.328421
0.161150
0.078122
0.133048
0.170222
0.111300
0.054562
0.174296
0.344950
0.228054
0.495793
0.093686
0.183672
0.348501
0.388956
0.348004
0.214062
0.209103
0.306254
0.322088
0.155093
0.491973
0.270864
0.110324
0.269134
0.197814
0.081438
0.136568
0.373148
0.069754
0.112808
0.247441
0.402625
0.111925
0.075176
0.241279
0.115500
0.245268
0.131975
0.090693
0.204628
0.091069
0.172250
0.363604
0.069540
0.197032
0.270460
0.468066
0.380128
0.089292
0.198734
0.051463
0.066593
0.364109
0.107874
0.098826
0.370053
0.157470
0.183180
0.279919
0.352645
0.114379
0.171702
0.168751
0.311821
0.488037
0.495533
0.386401
0.390139
0.389643
0.389564
0.139533
0.061984
0.086326
0.122999
0.214488
0.058819
0.056570
0.315300
0.158783
0.319929
0.134463
0.133256
0.154203
0.053819
0.079856
0.084775
0.140124
0.136912
0.078804
0.136442
0.177397
0.129272
0.494889
0.115166
0.469190
0.083919
0.105183
0.360847
0.136338
0.076531
0.181928
0.208744
0.351403
0.114044
0.080575
0.125010
0.182753
0.063996
0.335538
0.135437
0.077567
0.333657
0.057283
0.466805
0.194085
0.131046
0.154899
0.054895
0.119919
0.063682
0.345541
0.298797
0.226061
0.170183
0.119211
0.080611
0.199188
0.084285
0.148446
0.140889
0.411674
0.485722
0.100788
0.067918
0.054401
0.100045
0.463015
0.156800
0.088177
0.178578
0.375855
0.118094
0.065280
0.139523
0.091344
0.478130
0.200030
0.269006
0.182561
0.180976
0.126642
0.084443
0.227503
0.051290
0.497289
0.162965
0.156298
0.187239
0.203377
0.288800
0.055268
0.097157
0.249522
0.065898
0.147709
0.052245
0.359751
0.065987
0.135983
0.423177
0.327214
0.123685
0.138982
0.130929
0.055088
0.066479
0.107466
0.155418
0.162457
0.206307
0.435148
0.304197
0.095330
0.103758
0.062310
0.161273
0.156741
0.103199
0.248286
0.460639
0.084544
0.076626
0.064515
0.165088
0.098972
0.127479
0.073757
0.105410
0.471999
0.498603
0.278832
0.130038
0.371791
0.109867
0.056803
0.054948
0.149974
0.080764
0.068436
0.057472
0.454518
0.189509
0.071417
0.216198
0.475289
0.229392
0.490848
0.071313
0.185000
0.251282
0.376469
0.080104
0.058994
0.132854
0.142999
0.078370
0.052304
0.401277
0.134229
0.162456
0.130019
0.233481
0.129076
0.121883
0.076702
0.137658
0.151389
0.056456
0.075326
0.143177
0.155747
0.051545
0.155099
0.128883
0.167457
0.329507
0.195699
0.318269
0.059050
0.065314
0.076091
0.057134
0.221930
0.064979
0.180622
0.167211
0.170881
0.109015
0.171431
0.122662
0.051706
0.224890
0.091345
0.137614
0.120823
0.054616
0.247310
0.354957
0.079440
0.095029
0.326715
0.227050
0.052370
0.089060
0.132692
0.061231
0.143286
0.141924
0.138129
0.222294
0.121191
0.123899
0.083668
0.441500
0.222132
0.211276
0.094326
0.167531
0.058105
0.096860
0.064402
0.274123
0.270955
0.139516
0.058263
0.258332
0.254994
0.069189
0.139199
0.129490
0.328866
0.066464
0.198681
0.325387
0.333350
0.136303
0.300696
0.119580
0.211285
0.078328
0.158266
0.401445
0.092936
0.050910
0.294537
0.074390
0.365695
0.050130
0.240136
0.138599
0.059369
0.051135
0.065401
0.495097
0.492176
0.062163
0.090185
0.056091
0.121821
0.300545
0.061622
0.072417
0.057361
0.069656
0.315652
0.060977
0.068063
0.199952
0.244382
0.183394
0.070125
0.075720
0.065345
0.246485
0.169696
0.063524
0.468062
0.377351
0.068367
0.187547
0.428053
0.317735
0.071821
0.198602
0.192183
0.321243
0.108162
0.051939
0.104683
0.051827
0.170368
0.173636
0.055511
0.219711
0.488377
0.356666
0.217124
0.228504
0.483436
0.105183
0.137005
0.091409
0.128850
0.299392
0.105443
0.398107
0.402217
0.073126
0.105245
0.190155
0.123393
0.480220
0.403931
0.083637
0.455728
0.079465
0.308937
0.272864
0.250949
0.119779
0.067651
0.097329
0.206217
0.175095
0.179319
0.122538
0.243709
0.098716
0.097480
0.091281
0.103568
0.087176
0.202034
0.116571
0.428794
0.147085
0.478276
0.085313
0.050676
0.132798
0.426378
0.176550
0.433262
0.100378
0.279293
0.473815
0.058115
0.089854
0.222403
0.140730
0.185476
0.067107
0.221616
0.131608
0.094588
0.209372
0.138380
0.218398
0.340586
0.051798
0.057371
0.480729
0.075270
0.108748
0.207137
0.175798
0.099157
0.142424
0.295269
0.113661
0.101192
0.068654
0.471091
0.312028
0.128208
0.063441
0.130483
0.309074
0.114888
0.275718
0.105081
0.058106
0.062265
0.077710
0.244151
0.351931
0.151358
0.087276
0.321789
0.115758
0.487822
0.428011
0.066125
0.132152
0.170507
0.155643
0.270076
0.166901
0.130410
0.177081
0.242802
0.052273
0.055577
0.349952
0.266484
0.059555
0.146684
0.205897
0.249928
0.131750
0.073574
0.305782
0.053382
0.301654
0.439173
0.179509
0.486653
0.154855
0.180817
0.309152
0.094296
0.330068
0.053173
0.056122
0.150932
0.144776
0.059082
0.196091
0.066611
0.410204
0.677572
0.118750
0.166382
0.159890
0.300602
0.101622
0.404706
0.143905
0.236630
0.476886
0.214627
0.322855
0.200170
0.092843
0.286393
0.167651
0.113854
0.440251
0.078987
0.075493
0.076306
0.311645
0.247781
0.343200
0.083674
0.090916
0.124943
0.121689
0.052572
0.326960
0.217201
0.188280
0.107267
0.068639
0.249421
0.147279
0.304091
0.482112
0.197468
0.124079
0.325744
0.238205
0.286040
0.083043
0.065025
0.119800
0.130779
0.144110
0.094494
0.090606
0.118032
0.189644
0.104497
0.431328
0.069570
0.095695
0.071691
0.139783
0.074211
0.064997
0.157029
0.078346
0.330912
0.273858
0.118771
0.119389
0.129124
0.423358
0.249541
0.419077
0.166040
0.206586
0.224514
0.068590
0.062801
0.051739
0.056826
0.102326
0.261663
0.065750
0.051076
0.273905
0.209804
0.208781
0.206588
0.319810
0.136723
0.253383
0.207123
0.130139
0.191556
0.211714
0.224347
0.305216
0.051920
0.147614
0.096803
0.307012
0.442290
0.091249
0.052431
0.070399
0.093063
0.106329
0.174767
0.057032
0.498242
0.148802
0.130064
0.240475
0.496945
0.760213
0.062604
0.184870
0.327567
0.090627
0.051197
0.122186
0.087851
0.086374
0.496703
0.278121
0.380474
0.051544
0.249465
0.221257
0.051325
0.432265
0.103762
0.074601
0.054210
0.059943
0.110320
0.218174
0.299835
0.058123
0.099086
0.094475
0.198170
0.123037
0.448298
0.100090
0.076554
0.208015
0.314236
0.109663
0.071894
0.077672
0.067656
0.448754
0.053624
0.067092
0.063286
0.074559
0.152849
0.186269
0.253227
0.064007
0.062926
0.100090
0.061361
0.216886
0.314397
0.124136
0.104038
0.128709
0.165963
0.203058
0.297257
0.076004
0.154002
0.065636
0.139905
0.172372
0.076850
0.097286
0.056199
0.378326
0.150956
0.279192
0.072951
0.357589
0.110216
0.297266
0.058772
0.134381
0.220353
0.474511
0.051806
0.108720
0.208689
0.152423
0.157042
0.077305
0.180020
0.143263
0.127065
0.070366
0.241458
0.169784
0.294341
0.401007
0.062374
0.189277
0.126411
0.403166
0.053667
0.229421
0.224483
0.152001
0.110798
0.059541
0.057306
0.120650
0.178913
0.057790
0.247184
0.061363
0.077747
0.309781
0.172335
0.112621
0.069239
0.145612
0.383432
0.365755
0.085658
0.133425
0.159470
0.096364
0.057934
0.217618
0.132020
0.124728
0.238268
0.196375
0.085930
0.216048
0.480115
0.333667
0.298476
0.175452
0.086239
0.265192
0.075513
0.079850
0.147570
0.124293
0.052312
0.285231
0.054461
0.334660
0.334824
0.168269
0.269372
0.481418
0.073283
0.055269
0.191020
0.080586
0.471955
0.134168
0.189103
0.100658
0.072074
0.243178
0.116928
0.094926
0.380871
0.183329
0.108063
0.109592
0.200451
0.397633
0.399747
0.112283
0.069338
0.159266
0.073371
0.061925
0.498092
0.138785
0.153239
0.150402
0.069754
0.130885
0.198639
0.099619
0.086986
0.255075
0.175146
0.470513
0.109004
0.183390
0.337638
0.384209
0.138067
0.155439
0.354884
0.499537
0.159389
0.492076
0.062764
0.084948
0.151920
0.490909
0.052388
0.095727
0.388426
0.150855
0.463284
0.217134
0.146803
0.093956
0.440347
0.076168
0.058062
0.214555
0.183140
0.401365
0.078061
0.089998
0.061262
0.143275
0.218027
0.401445
0.491518
0.120364
0.069643
0.052191
0.084853
0.069590
0.080647
0.100918
0.129090
0.491427
0.074031
0.126804
0.224292
0.057068
0.087415
0.075404
0.132981
0.091909
0.203398
0.200789
0.074056
0.072665
0.063667
0.274584
0.181437
0.181693
0.137420
0.134826
0.111699
0.125926
0.129993
0.134601
0.364585
0.068402
0.316897
0.383713
0.418978
0.071602
0.347634
0.181993
0.361009
0.093834
0.067638
0.479296
0.091197
0.154494
0.292250
0.294132
0.119769
0.269472
0.066306
0.136773
0.454571
0.190852
0.134107
0.050841
0.066194
0.101136
0.369570
0.213846
0.077056
0.402658
0.320714
0.261840
0.399413
0.129513
0.053938
0.421809
0.157094
0.180675
0.159765
0.199053
0.068711
0.201255
0.132458
0.100488
0.203426
0.057214
0.071502
0.158120
0.087895
0.057104
0.265610
0.096522
0.061358
0.245152
0.115939
0.316199
0.441275
0.170628
0.180873
0.154288
0.051293
0.053359
0.063845
0.245395
0.074741
0.469811
0.070325
0.201956
0.063960
0.062569
0.057550
0.065745
0.082294
0.437740
0.103567
0.452860
0.088733
0.210522
0.419447
0.490346
0.195168
0.171630
0.452080
0.257066
0.411482
0.106694
0.073353
0.409256
0.279956
0.173849
0.370950
0.147403
0.383339
0.058409
0.195523
0.466102
0.410015
0.072068
0.160676
0.163313
0.259059
0.148782
0.119410
0.190844
0.294041
0.369080
0.056689
0.252555
0.229145
0.362474
0.082799
0.086118
0.062079
0.102114
0.117129
0.408296
0.287851
0.057518
0.115289
0.131350
0.491770
0.238701
0.077016
0.109010
0.053475
0.369464
0.136602
0.130464
0.096717
0.147194
0.242006
0.349324
0.051131
0.155788
0.475008
0.187412
0.322677
0.387112
0.079422
0.051983
0.052220
0.080576
0.104057
0.076587
0.361314
0.465448
0.085135
0.102778
0.083394
0.258799
0.331346
0.331407
0.075042
0.050976
0.127731
0.476212
0.321947
0.130361
0.051436
0.096327
0.162765
0.157129
0.265332
0.109400
0.281922
0.052742
0.091769
0.491696
0.382707
0.068439
0.136905
0.068695
0.154364
0.061015
0.312762
0.316124
0.160134
0.086003
0.233355
0.391748
0.301286
0.197910
0.210432
0.108535
0.056816
0.433615
0.084700
0.490322
0.429755
0.172460
0.171389
0.446919
0.148540
0.115465
0.138116
0.154987
0.066911
0.301222
0.074966
0.140211
0.143025
0.440574
0.193434
0.221204
0.351384
0.080105
0.208064
0.095252
0.070260
0.118732
0.200132
0.235753
0.323594
0.275126
0.073836
0.148516
0.474852
0.063447
0.233325
0.089281
0.346442
0.058470
0.197083
0.292951
0.395615
0.232448
0.157307
0.170353
0.060560
0.259647
0.058800
0.455767
0.210666
0.149186
0.118927
0.075527
0.465209
0.068612
0.488559
0.479486
0.068659
0.264696
0.429014
0.136822
0.479196
0.305788
0.249033
0.058523
0.395483
0.241099
0.393263
0.396820
0.403567
0.145725
0.070004
0.054080
0.057814
0.446898
0.072780
0.236065
0.139727
0.053621
0.152942
0.184532
0.253589
0.253482
0.050389
0.146039
0.296519
0.098796
0.309552
0.355628
0.067573
0.060624
0.065563
0.170500
0.092729
0.344075
0.071609
0.248827
0.076624
0.416336
0.112477
0.160743
0.092489
0.233410
0.445217
0.445920
0.154245
0.400319
0.404029
0.104028
0.098443
0.057600
0.137416
0.104758
0.151444
0.374965
0.098609
0.180682
0.260837
0.055488
0.093896
0.463889
0.117417
0.059284
0.118563
0.471910
0.112472
0.086321
0.074911
0.074738
0.111957
0.096534
0.075065
0.421156
0.082325
0.064927
0.194293
0.131975
0.119161
0.214880
0.241148
0.221442
0.063904
0.050256
0.067483
0.172886
0.053057
0.218689
0.181289
0.103094
0.059536
0.071896
0.079941
0.327357
0.074768
0.065614
0.057863
0.329096
0.157949
0.085970
0.090688
0.398750
0.177431
0.177942
0.127668
0.179399
0.217974
0.058763
0.157697
0.311518
0.131256
0.309825
0.232189
0.082356
0.371916
0.212796
0.163200
0.067493
0.170310
0.258874
0.394532
0.231796
0.069009
0.496632
0.240236
0.172262
0.190953
0.109717
0.127992
0.093309
0.061206
0.174337
0.474465
0.059864
0.307434
0.054823
0.365214
0.050981
0.070418
0.293009
0.209558
0.175736
0.051902
0.053492
0.185975
0.126333
0.435393
0.056661
0.098998
0.467077
0.106258
0.302068
0.222767
0.056349
0.293218
0.164774
0.061699
0.058937
0.057163
0.124033
0.352502
0.327410
0.165891
0.110245
0.476003
0.339781
0.213342
0.098893
0.092354
0.154473
0.352345
0.080315
0.252482
0.122877
0.165166
0.283122
0.154792
0.274019
0.271249
0.328972
0.256511
0.327064
0.175576
0.319158
0.096521
0.102579
0.102909
0.250130
0.053017
0.378660
0.173119
0.206706
0.054354
0.265336
0.076394
0.477311
0.067518
0.445134
0.322929
0.406999
0.387405
0.068288
0.174882
0.112978
0.078744
0.162321
0.050660
0.140325
0.147190
0.159734
0.536349
0.298030
0.060818
0.249569
0.131138
0.050885
0.156900
0.347315
0.073298
0.081609
0.347222
0.061901
0.337724
0.205079
0.323876
0.157145
0.362188
0.109615
0.236340
0.404579
0.059969
0.108269
0.428887
0.057409
0.234935
0.072209
0.090204
0.353153
0.252827
0.088585
0.050562
0.058475
0.443000
0.130655
0.084340
0.050308
0.069534
0.432397
0.217131
0.250678
0.277671
0.067679
0.363971
0.364177
0.238777
0.376067
0.169267
0.225461
0.088955
0.157064
0.469790
0.266577
0.198304
0.301061
0.180072
0.077862
0.208218
0.085011
0.056244
0.068129
0.052857
0.073246
0.153515
0.303758
0.282851
0.073463
0.075085
0.472945
0.316419
0.280556
0.161610
0.131732
0.091438
0.084576
0.050479
0.053187
0.111968
0.494654
0.298832
0.098950
0.089110
0.057613
0.143571
0.120384
0.209492
0.060910
0.071073
0.150533
0.054686
0.402978
0.050185
0.232269
0.106797
0.122959
0.062336
0.194219
0.238008
0.186251
0.202430
0.112724
0.170935
0.056280
0.404513
0.171629
0.121005
0.069538
0.255532
0.179837
0.083954
0.447197
0.104670
0.065486
0.075837
0.071460
0.065162
0.054008
0.204585
0.153340
0.270042
0.072351
0.052259
0.434435
0.496369
0.070462
0.420184
0.054052
0.080583
0.064959
0.437085
0.056257
0.103734
0.082832
0.146585
0.187494
0.291433
0.218324
0.322593
0.278402
0.156565
0.399688
0.062608
0.120892
0.062239
0.099928
0.095606
0.130301
0.134155
0.095301
0.202278
0.156790
0.328516
0.148599
0.086863
0.076122
0.259321
0.103709
0.484013
0.433844
0.075979
0.116126
0.223626
0.082777
0.140744
0.112636
0.112214
0.098261
0.117529
0.057109
0.062453
0.205584
0.083886
0.202962
0.277053
0.225287
0.322197
0.326907
0.226053
0.053185
0.088278
0.080589
0.080844
0.196720
0.221251
0.052918
0.051101
0.148520
0.064466
0.226315
0.399667
0.057043
0.064986
0.053797
0.284132
0.166144
0.110578
0.077681
0.059826
0.266524
0.260378
0.242845
0.286955
0.363998
0.348802
0.098449
0.339251
0.452868
0.064005
0.086754
0.211440
0.339374
0.485604
0.054208
0.063081
0.076342
0.435352
0.051669
0.277888
0.347029
0.105510
0.085490
0.064282
0.203069
0.207985
0.140960
0.454618
0.086651
0.061549
0.235734
0.263639
0.097922
0.052253
0.062495
0.068604
0.257279
0.344148
0.191421
0.224040
0.477979
0.055874
0.084656
0.436307
0.081137
0.269867
0.326184
0.065546
0.191715
0.188626
0.070249
0.470539
0.357348
0.071758
0.476203
0.363689
0.328544
0.104732
0.193078
0.185105
0.139647
0.223919
0.223209
0.144768
0.411329
0.380654
0.241118
0.086241
0.358482
0.076651
0.056013
0.138735
0.050898
0.065175
0.286144
0.140420
0.107641
0.139506
0.240801
0.227897
0.189317
0.145758
0.121779
0.484082
0.131759
0.050118
0.253352
0.052143
0.098968
0.076460
0.365601
0.054527
0.193134
0.390372
0.155647
0.222425
0.060220
0.278080
0.453993
0.079453
0.307639
0.077870
0.470631
0.302716
0.189783
0.269430
0.230821
0.103890
0.358888
0.288794
0.215400
0.070098
0.439061
0.134351
0.134460
0.145489
0.109560
0.083337
0.156056
0.080601
0.236826
0.181075
0.187222
0.063837
0.053921
0.432164
0.439651
0.260120
0.098542
0.074043
0.128426
0.055382
0.108764
0.183350
0.130428
0.116719
0.146972
0.093690
0.430051
0.207474
0.056602
0.342426
0.217360
0.092610
0.175821
0.091631
0.099598
0.131793
0.387024
0.090313
0.221360
0.081738
0.461746
0.091012
0.061134
0.451728
0.240137
0.062373
0.214945
0.153309
0.073232
0.070053
0.077727
0.090350
0.103236
0.190793
0.088628
0.190708
0.255138
0.286849
0.451477
0.148939
0.074203
0.064654
0.340289
0.262436
0.097519
0.120412
0.056186
0.071523
0.392564
0.088558
0.411866
0.050459
0.071618
0.256102
0.071768
0.363706
0.176362
0.157844
0.292476
0.425173
0.054829
0.115336
0.189667
0.107552
0.183018
0.079581
0.093082
0.123816
0.142394
0.314457
0.203631
0.254522
0.173255
0.403113
0.052164
0.083975
0.177235
0.416339
0.083517
0.099231
0.323024
0.060626
0.084956
0.219254
0.204218
0.119010
0.077139
0.104392
0.318007
0.050272
0.078782
0.281268
0.173362
0.132567
0.291381
0.384376
0.109620
0.467855
0.053935
0.171262
0.240639
0.102100
0.056068
0.088733
0.134082
0.098637
0.104313
0.060889
0.194097
0.064620
0.446534
0.075602
0.097147
0.180878
0.103645
0.101087
0.100472
0.112370
0.086285
0.283135
0.207326
0.160348
0.158172
0.050832
0.409835
0.098109
0.472977
0.120738
0.051322
0.064516
0.079234
0.059912
0.058924
0.220226
0.276560
0.338239
0.183458
0.409019
0.114951
0.058799
0.243736
0.331379
0.087356
0.292673
0.165108
0.138750
0.113020
0.241781
0.275507
0.435723
0.083629
0.074297
0.407888
0.085528
0.244563
0.349775
0.414402
0.109993
0.214924
0.240297
0.380309
0.123511
0.146260
0.089895
0.099579
0.121669
0.104586
0.182603
0.113069
0.238337
0.358729
0.053089
0.278697
0.178237
0.074214
0.117558
0.119228
0.196994
0.304497
0.392303
0.081387
0.053566
0.284959
0.340679
0.334818
0.467495
0.135429
0.145611
0.272921
0.162751
0.065018
0.068037
0.189575
0.098694
0.121586
0.225130
0.058392
0.467591
0.051476
0.175084
0.092354
0.449656
0.183432
0.062995
0.427657
0.064702
0.083861
0.072431
0.079155
0.332252
0.095126
0.071047
0.155106
0.139488
0.094570
0.391038
0.330915
0.078584
0.386306
0.062868
0.061576
0.101987
0.065680
0.064403
0.138633
0.063999
0.349105
0.060757
0.381345
0.150319
0.111088
0.291807
0.067452
0.111424
0.115459
0.172890
0.110985
0.073162
0.139883
0.075388
0.054778
0.164702
0.327854
0.212222
0.433368
0.053632
0.262564
0.459273
0.275137
0.307250
0.313508
0.111815
0.194739
0.198659
0.206997
0.129432
0.054132
0.445340
0.211088
0.143312
0.076079
0.310020
0.382357
0.106058
0.425524
0.340896
0.327993
0.105581
0.068801
0.063026
0.076981
0.368979
0.062987
0.211156
0.204724
0.054367
0.256127
0.482509
0.070030
0.118957
0.098204
0.259019
0.213375
0.089550
0.089001
0.219362
0.136250
0.163653
0.293382
0.413065
0.421691
0.076390
0.156720
0.139078
0.057362
0.165383
0.271681
0.075690
0.487048
0.235105
0.068055
0.339226
0.068064
0.091546
0.183255
0.313304
0.486031
0.077904
0.350391
0.115534
0.783735
0.114460
0.522683
0.172618
0.050467
0.066364
0.305666
0.179173
0.122213
0.078388
0.078543
0.075645
0.282887
0.291431
0.068716
0.293520
0.080790
0.083659
0.213723
0.128974
0.053113
0.161018
0.077363
0.489626
0.060629
0.059241
0.105415
0.332554
0.333544
0.212196
0.257005
0.254132
0.200494
0.170421
0.064374
0.221287
0.341332
0.344097
0.074868
0.232524
0.231955
0.054219
0.223183
0.235269
0.072707
0.136892
0.113687
0.088960
0.392337
0.190753
0.376267
0.056752
0.320845
0.065059
0.124564
0.102098
0.231518
0.057330
0.085543
0.299210
0.063861
0.126039
0.194776
0.071108
0.055993
0.077989
0.173673
0.188062
0.206034
0.091994
0.087057
0.067333
0.278596
0.378648
0.226032
0.376540
0.055346
0.387923
0.165243
0.295114
0.083142
0.099933
0.091124
0.133434
0.498087
0.053723
0.064675
0.127889
0.113772
0.214959
0.067306
0.133374
0.091241
0.189988
0.052978
0.246953
0.178765
0.147455
0.058342
0.052984
0.367771
0.226619
0.150711
0.352808
0.197738
0.104171
0.354023
0.243991
0.051799
0.287674
0.084204
0.084620
0.332639
0.113848
0.060371
0.323345
0.081270
0.098827
0.202948
0.129355
0.125019
0.116241
0.076678
0.066172
0.359627
0.412428
0.341458
0.188388
0.228564
0.089787
0.143559
0.205773
0.423777
0.147691
0.108761
0.052916
0.444709
0.340820
0.066156
0.102682
0.058157
0.306562
0.230502
0.312334
0.147840
0.076235
0.410038
0.073385
0.303828
0.380568
0.065594
0.108380
0.244652
0.215583
0.088116
0.141604
0.227159
0.135803
0.208040
0.054442
0.376694
0.085668
0.060170
0.257029
0.057854
0.142986
0.437831
0.174946
0.074604
0.389712
0.098111
0.108168
0.070684
0.149753
0.080998
0.097198
0.121089
0.075579
0.093615
0.063484
0.191562
0.105793
0.083111
0.092357
0.214167
0.059763
0.441404
0.080314
0.337534
0.430036
0.184522
0.081924
0.167746
0.151866
0.351719
0.111353
0.176526
0.065464
0.068570
0.177236
0.073766
0.089293
0.052694
0.300477
0.153240
0.132067
0.054908
0.116258
0.089488
0.140449
0.145147
0.438631
0.231780
0.063596
0.280263
0.237936
0.464645
0.131869
0.498846
0.055895
0.268543
0.445349
0.056930
0.264478
0.318690
0.355323
0.068866
0.132858
0.056968
0.447838
0.055933
0.097027
0.497595
0.097657
0.086131
0.291294
0.079979
0.105950
0.384483
0.416325
0.283382
0.116222
0.469885
0.069376
0.416097
0.174537
0.224966
0.222229
0.305976
0.076997
0.176656
0.171014
0.237863
0.187623
0.360743
0.448555
0.139934
0.125614
0.463972
0.447334
0.182569
0.064211
0.290754
0.194498
0.319668
0.092233
0.095827
0.447267
0.124957
0.182267
0.081219
0.094067
0.067344
0.067964
0.374151
0.075823
0.069238
0.391466
0.065717
0.091177
0.120784
0.172716
0.246240
0.274808
0.334104
0.059562
0.284793
0.399968
0.145826
0.061677
0.082238
0.109325
0.313843
0.183158
0.200254
0.178248
0.100480
0.384384
0.078441
0.081160
0.115678
0.151075
0.077317
0.272675
0.477140
0.344301
0.272017
0.112454
0.139668
0.061124
0.073702
0.137653
0.362655
0.469103
0.166709
0.054893
0.262208
0.169169
0.235415
0.115193
0.199688
0.348156
0.098146
0.155499
0.379312
0.381075
0.055421
0.094275
0.138142
0.055794
0.143897
0.185929
0.176750
0.107608
0.105766
0.452163
0.068270
0.222317
0.230263
0.198843
0.110804
0.147715
0.189650
0.156743
0.207318
0.126271
0.143109
0.051379
0.158993
0.050940
0.090967
0.333958
0.162251
0.157269
0.270939
0.075116
0.105889
0.100956
0.075995
0.438155
0.055677
0.455820
0.085068
0.117347
0.050144
0.115825
0.087882
0.460338
0.094932
0.123446
0.055877
0.053116
0.469765
0.155558
0.791553
0.326225
0.393742
0.103845
0.296446
0.097302
0.098715
0.064003
0.126033
0.434403
0.120827
0.187320
0.102656
0.137780
0.451989
0.250390
0.071977
0.231574
0.231563
0.068234
0.076608
0.180725
0.087116
0.435966
0.398422
0.124067
0.142921
0.125581
0.186860
0.170608
0.798033
0.266169
0.175187
0.064256
0.149652
0.179415
0.465246
0.074637
0.127672
0.111686
0.113715
0.067353
0.214345
0.302201
0.282605
0.057047
0.119330
0.140805
0.417160
0.250544
0.064818
0.122038
0.057339
0.127091
0.079140
0.142042
0.442908
0.157366
0.152939
0.112076
0.069662
0.184585
0.129053
0.161902
0.227532
0.095691
0.139986
0.226065
0.497211
0.070365
0.216279
0.123131
0.202110
0.065933
0.121683
0.158713
0.055074
0.303458
0.122561
0.208187
0.088739
0.155274
0.178379
0.184286
0.425753
0.320576
0.058625
0.277141
0.109109
0.086205
0.270968
0.380668
0.079328
0.179459
0.123751
0.120692
0.181800
0.075807
0.268844
0.439981
0.060383
0.257393
0.093159
0.103954
0.089995
0.467293
0.616690
0.057648
0.160138
0.156143
0.068008
0.145173
0.059350
0.052574
0.099992
0.386064
0.063682
0.108691
0.052299
0.281590
0.193839
0.498945
0.284100
0.295666
0.181471
0.098708
0.246227
0.217051
0.310264
0.356216
0.106611
0.088574
0.051278
0.279601
0.116525
0.056709
0.138909
0.339669
0.147460
0.308266
0.113946
0.095608
0.171508
0.091361
0.149947
0.173208
0.155793
0.158300
0.399498
0.173945
0.156867
0.412642
0.071798
0.331592
0.443365
0.085518
0.190914
0.098790
0.076479
0.078641
0.055779
0.154914
0.211580
0.429473
0.125701
0.157421
0.281641
0.159869
0.357489
0.094671
0.283337
0.195438
0.198987
0.195232
0.172113
0.154276
0.206068
0.065743
0.072242
0.635198
0.162350
0.160500
0.381648
0.055832
0.069220
0.069164
0.050663
0.128492
0.157738
0.065972
0.050813
0.179813
0.260254
